 28-Mar-23 03/28/2023
 39915               1
  0.319000000E+03
* 319.000             1               0 IN    3   2 CLC    40   41
  0.776181756E+02 0.400000000E+02 0.149805878E+00 0.770406836E+05
  0.770407487E+05 0.426435822E+02 0.284824116E-04 0.322435698E+02
  0.134031543E+01 0.359417236E+00 0.359417236E+00 0.104485255E+07
  0.420411423E+02 0.205153184E-04 0.592372389E+01 0.175319654E+01
  0.209139968E+00 0.757563067E+00 0.124216080E-04 0.100000000E+11
  0.100000000E+11 0.100000000E+11 0.808793656E+01 0.205295330E+00
  0.100000000E+05 0.100000000E+05 0.100000000E+05
  0.000000000E+00 0.000000000E+00 0.000000000E+00
  0.644871396E+02 0.588147463E+02
  0.000000000E+00 0.000000000E+00
  0.624183551E+01 0.406847778E-01 0.159488519E+01 0.468336530E+00
  0.645204137E+00 0.118965341E+02-0.500000000E+02-0.500000000E+02
 -0.500000000E+02-0.141723409E-02 0.422041537E+04 0.215877481E+03
  0.769315013E-03 0.124403638E+01 0.164519588E+01 0.150635408E-02
  0.130832919E+01 0.255408038E+02 0.000000000E+00 0.000000000E+00
 -0.999000000E+03-0.999000000E+03 0.740894776E+01 0.665344722E+02
  0.628880283E+02-0.500000000E+02 0.137602274E+00 0.126882650E+00
  0.100000000E+03 0.157716973E+02 0.233941716E+02-0.105147217E+01
  0.472265917E+02 0.123511478E-08 0.249863957E-02 0.000000000E+00
  0.219042967E+00 0.183621226E+01 0.226099509E+03 0.152287531E-05
  0.000000000E+00 0.000000000E+00 0.101784455E+01 0.100000000E+02
    11   64   16    0
 -0.552005991E-02-0.902426578E-02-0.902426938E-02-0.552007044E-02
 -0.190600265E-02-0.152680230E-02-0.190600056E-02-0.187797616E-02
 -0.184635625E-02-0.187797692E-02-0.184635667E-02 0.869264604E-02
  0.126607654E-01 0.176187571E-01 0.235277899E-01 0.303054599E-01
  0.377822193E-01 0.457330418E-01 0.538426998E-01 0.616888089E-01
  0.720834685E-01 0.776489564E-01 0.817990564E-01 0.843262332E-01
  0.851603209E-01 0.843262153E-01 0.817990206E-01 0.776489038E-01
  0.720834010E-01 0.616887238E-01 0.538426073E-01 0.457329456E-01
  0.377821230E-01 0.303053662E-01 0.235277004E-01 0.176186719E-01
  0.126606839E-01 0.869257078E-02-0.481619503E-01-0.395396292E-01
 -0.328768594E-01-0.284019293E-01-0.256672871E-01-0.241869418E-01
 -0.235744697E-01-0.237948351E-01-0.241444768E-01-0.243800901E-01
 -0.243800879E-01-0.241444702E-01-0.237948250E-01-0.235283983E-01
 -0.235744548E-01-0.241869255E-01-0.256672697E-01-0.284019110E-01
 -0.328768401E-01-0.395396088E-01-0.481619283E-01-0.108362711E-01
 -0.932394004E-02-0.695320607E-02-0.359895239E-02 0.855913840E-03
  0.646420602E-02 0.129714381E-01 0.191441612E-01-0.108381197E-01
 -0.932586969E-02-0.695554435E-02-0.360208858E-02 0.851386090E-03
  0.645730047E-02 0.129605044E-01 0.191266891E-01
 -0.411135249E+04-0.411135249E+04-0.411135249E+04-0.411135249E+04
 -0.411135249E+04-0.411135249E+04-0.411135249E+04-0.411135249E+04
  0.483059296E+03 0.483059296E+03-0.230486500E+04-0.230486500E+04
 -0.662375620E+03-0.662375620E+03-0.662375620E+03-0.662375620E+03

  0.000000000E+00 0.000000000E+00 0.000000000E+00 0.000000000E+00
  0.000000000E+00 0.000000000E+00 0.000000000E+00 0.000000000E+00
  0.000000000E+00 0.000000000E+00 0.100000000E+03 0.000000000E+00
  0.241115833E+00 0.154764134E+00 0.400000000E+02-0.729640511E-01
  0.288626918E-01 0.000000000E+00 0.999000000E+03 0.158106344E+01
 -0.100000000E+02 0.164277194E+01 0.000000000E+00 0.648768100E-01
 -0.100000000E+02 0.000000000E+00 0.859962390E+01 0.811349080E-01
  0.276708619E-01 0.111952101E+00 0.104000124E+00 0.748871520E+00
  0.583801340E+01 0.296087336E+01-0.890000000E+02-0.890000000E+02
 -0.890000000E+02-0.890000000E+02-0.890000000E+02-0.890000000E+02
 -0.890000000E+02-0.890000000E+02-0.890000000E+02-0.890000000E+02
 -0.890000000E+02-0.890000000E+02-0.890000000E+02-0.890000000E+02
 -0.890000000E+02 0.630373422E+07-0.990000000E+02 0.316283172E+00
 -0.990000000E+02 0.445312500E+02 0.000000000E+00 0.655621666E+00
  0.000000000E+00 0.804016181E-01 0.000000000E+00 0.100000000E+11
                                            MAG
